Mutations	pathogenicity	Flag	Folding_ddG_AVG	Binding_ddG_AVG	Evolutionary_score	RMSD_AVG_2000	RMSDmut_wt_2000	RMSF_MUT_MT	RMSF_mut_10_residues	RMSF_wt_10_residues	Neighbour_RMSF_MUT_WT	Hond_mut	Hond_wt	Bfactor_wt	rSASA_MSH2_only_mut	rSASA_MSH2_only_wt	Protein_Distance	hydrophobicity_wt	Volume_wt	Charge	polarity	hydrophobicity_mut	Volume_mut
P5Q	benign	0	-1.0718	-0.7858	0.696	10.4699	1.3294	1.8401	24.4617	21.5303	2.1314	1	1	80.96	0.2474	0.4138	0.1	0.5	2	0	0	0.6	3
P5L	benign	0	-0.7628	-0.5826	0.696	7.6279	-1.5127	-0.6679	21.2267	21.5303	-1.1037	2	1	77.64	0.3174	0.4138	1.1	0.5	2	0	0	-0.6	4
F23L	benign	0	-0.7218	-0.6206	0.5316	12.748	3.6074	-0.8538	9.4988	9.1477	-0.4489	3	1	77.64	0.3642	0.2856	0.5	-1.1	5	0	0	-0.6	4
T32S	benign	0	-0.9129	-0.4113	0.7645	12.748	3.6074	0.2558	7.1573	7.6027	-1.2454	0	4	78.46	0.3719	0.4449	0	0.1	2	0	1	0.1	1
M141V	benign	0	0.306	-0.7896	0.696	9.7357	0.5952	-0.49	12.5925	12.8291	-1.0366	0	1	80.7	0.4361	0.4057	0.3	-0.2	4	0	0	0.1	3
I169V	benign	0	-0.8465	-0.3375	0.4358	8.3212	-0.8194	-0.7648	5.6339	5.9143	-1.0804	1	1	80.96	0.3501	0.3387	0.4	-0.3	4	0	0	0.1	3
R171K	benign	0	-0.7084	-0.2875	0.833	8.9929	-0.1476	-0.0192	7.6616	6.6756	0.186	4	9	84.11	0.2821	0.2582	0.2	0.8	4	1	1	1	4
K228E	benign	0	-0.1967	-0.3676	0.8741	8.8551	-0.2854	1.0027	16.8207	9.9589	6.0618	0	0	84.41	0.7917	0.8373	2	1	4	1	1	1.01	3
S268L	benign	0	0.7978	-0.2219	0.8741	12.5005	3.3599	-0.6128	5.0023	5.5371	-1.3347	2	2	86.75	0.3693	0.2562	0.7	0.1	1	0	1	-0.6	4
V273I	benign	0	-0.2939	-0.6018	0.7919	9.6754	0.5348	-0.2789	5.9536	8.6217	-3.4681	5	2	82.57	0.1147	0.1	0.1	0.1	3	0	0	-0.3	4
Q419K	benign	0	-0.1595	-0.3441	0.6275	8.5548	-0.5858	-0.8036	8.9944	6.6179	1.5765	4	2	83.85	0.7826	0.552	1.08	0.6	3	0	1	1	4
R444L	benign	0	0.1846	-0.4979	0.559	8.1216	-1.019	-0.7094	5.7588	7.3263	-2.3675	3	3	86.94	0.3266	0.3252	1.72	0.8	4	1	1	-0.6	4
H466R	benign	0	-0.1256	-0.4608	0.833	10.2441	1.1035	-0.4665	12.3256	9.061	2.4647	4	1	80.99	1.0645	0.9464	1.03	0.57	3	1	1	0.8	4
S479N	benign	0	-0.6344	-0.6935	0.6275	6.9506	-2.19	-0.8833	5.2542	4.5559	-0.1018	2	1	89.47	0.3483	0.2575	0.3	0.1	1	0	1	0.4	2
T564A	benign	0	-0.6053	-0.4998	0.6138	7.2842	-1.8563	-0.6819	17.8878	19.539	-2.4512	1	3	86.8	0.457	0.4083	0.1	0.1	2	0	1	0.2	1
D597A	benign	0	-0.1553	-0.7183	0.7919	9.3491	0.2085	-0.5769	3.7017	5.0501	-2.1484	2	2	76.59	0.5101	0.455	1.41	1.2	2	-1	1	0.2	1
Q629R	benign	0	0.255	-0.5199	0.6138	9.7084	0.5678	-0.0051	6.2417	5.3893	0.0524	0	3	75.73	0.6155	0.5647	1.02	0.6	3	0	1	0.8	4
A640S	benign	0	-1.7655	-0.4258	0.5179	9.2876	0.147	-0.8094	6.2478	8.6474	-3.1997	6	1	85.67	0.1494	0.1072	0.1	0.2	1	0	0	0.1	1
V655I	benign	0	-0.4217	-0.7201	0.6412	11.5928	2.4522	-0.2311	5.9118	6.9611	-1.8492	2	3	81.91	0.1088	0.105	0.4	0.1	3	0	0	-0.3	4
Y656C	benign	0	-0.8032	-0.6896	0.2166	6.9411	-2.1994	-0.5168	7.1036	6.1583	0.1454	0	4	84.38	0.5189	0.4549	0.7	-0.9	5	0	1	-0.2	2
E658G	benign	0	-1.0935	-0.693	0.7371	8.5756	-0.565	0.3098	10.7351	6.3322	3.6028	1	7	85.05	0.2023	0.2664	1.41	1.01	3	-1	1	0	1
M688I	benign	0	-0.775	-0.6056	0.8878	11.164	2.0234	-0.4057	2.8491	3.6127	-1.5636	4	3	86.41	0.1232	0.105	0.1	-0.2	4	0	0	-0.3	4
I704T	benign	0	-2.2622	-0.5697	0.696	9.3807	0.2401	-0.4032	3.7044	4.107	-1.2026	0	1	79.78	0.1443	0.1057	0.4	-0.3	4	0	0	0.1	2
H785P	benign	0	0.5818	-1.1588	0.8467	9.5785	0.4379	0.2007	8.3064	17.2174	-9.7111	3	1	80.86	0.7527	0.6397	0.07	0.57	3	1	1	0.5	2
E809K	benign	0	-0.35	-0.8568	0.5316	9.2169	0.0764	-3.3641	7.1823	4.6536	1.7288	0	0	80.96	0.9131	0.7558	2	1.01	3	-1	1	1	4
K845E	benign	0	0.4963	-0.295	0.5727	11.8629	2.7223	1.2616	4.724	4.0099	-0.0859	4	5	82.92	0.4761	0.3946	2	1	4	1	1	1.01	3
V161D	pathogenic	1	-3.1122	-0.2543	0.7645	9.3286	0.188	-0.3418	11.7815	10.012	0.9695	2	3	81.49	0.1147	0.1	1.49	0.1	3	0	0	1.2	2
G162R	pathogenic	1	-1.2814	0.5619	0.8604	7.8794	-1.2612	-0.5331	8.5085	8.2468	-0.5383	8	3	81.09	0.2183	0.1	1.28	0	1	0	0	0.8	4
V163G	pathogenic	1	-2.4483	-0.8639	0.8604	12.0508	2.9102	0.5639	10.0378	7.116	2.1218	3	4	80.94	0.2365	0.1191	0.1	0.1	3	0	0	0	1
V163D	pathogenic	1	-2.8616	-0.996	0.8604	10.0247	0.8841	-0.2405	6.9357	7.116	-0.9803	3	4	80.94	0.3146	0.1191	1.49	0.1	3	0	0	1.2	2
G164R	pathogenic	1	-1.0934	0.2137	0.833	9.3302	0.1896	-0.7149	6.1249	7.3931	-2.0682	6	4	80.82	0.1429	0.1	1.28	0	1	0	0	0.8	4
G164E	pathogenic	1	-1.7492	-1.1278	0.833	10.745	1.6044	-0.2012	10.1038	7.3931	1.9106	4	4	80.82	0.122	0.1	1.41	0	1	0	0	1.01	3
L173R	pathogenic	1	-1.4164	-0.7019	0.7371	10.2433	1.1028	-0.1391	6.2047	7.9245	-2.5199	2	2	83.94	0.1718	0.2202	1.72	-0.6	4	0	0	0.8	4
L187R	pathogenic	1	-2.1668	-0.5284	0.8604	8.3038	-0.8367	-0.6898	4.9423	3.6817	0.4606	3	3	79.48	0.1202	0.1058	1.72	-0.6	4	0	0	0.8	4
L187P	pathogenic	1	-2.1337	-0.1709	0.8604	9.3729	0.2324	0.1333	10.0184	3.6817	5.5366	2	3	79.48	0.1509	0.1058	1.1	-0.6	4	0	0	0.5	2
C199R	pathogenic	1	-1.3891	-0.1592	0.8604	15.5464	6.4058	1.1245	13.9833	8.1414	5.0419	3	3	81.02	0.1931	0.106	1.41	-0.2	2	0	0	0.8	4
V200D	pathogenic	1	-2.8492	-0.8691	0.696	10.2049	1.0644	-0.6851	9.1917	9.5154	-1.1237	2	1	81.83	0.1694	0.1706	1.49	0.1	3	0	0	1.2	2
L310P	pathogenic	1	-2.1326	-0.0848	0.8741	9.1208	-0.0197	0.4685	11.9749	6.5652	4.6098	0	2	80.34	0.2331	0.1547	1.1	-0.6	4	0	0	0.5	2
C333Y	pathogenic	1	-1.3901	-0.662	0.8878	9.6499	0.5093	0.3259	8.7613	4.515	3.4463	1	1	75.94	0.1817	0.1838	0.7	-0.2	2	0	0	-0.9	5
G338E	pathogenic	1	-2.0036	-1.0082	0.8878	10.7339	1.5934	1.0319	9.4923	3.8628	4.8296	3	3	78.45	0.1603	0.1	1.41	0	1	0	0	1.01	3
P349L	pathogenic	1	-0.8446	-0.5055	0.8878	13.8256	4.685	-0.6246	7.7289	6.94	-0.011	2	1	77.54	0.1043	0.1054	1.1	0.5	2	0	0	-0.6	4
P349R	pathogenic	1	-1.2086	-0.8466	0.8878	13.4802	4.3396	0.1887	9.5585	6.94	1.8186	6	1	77.54	0.1116	0.1054	1.04	0.5	2	0	0	0.8	4
R359S	pathogenic	1	-2.3976	-0.6575	0.8741	9.6276	0.487	-0.6856	4.1042	4.7085	-1.4043	3	9	78.06	0.1476	0.2301	1.22	0.8	4	1	1	0.1	1
L440P	pathogenic	1	-2.7629	-0.1353	0.8604	10.3085	1.1679	-0.3187	8.2653	5.854	1.6114	2	3	81.14	0.197	0.164	1.1	-0.6	4	0	0	0.5	2
M453K	pathogenic	1	-0.9121	-0.5195	0.833	9.9792	0.8386	-0.464	4.8143	4.658	-0.6437	2	3	85.29	0.2884	0.2096	1.56	-0.2	4	0	0	1	4
S554C	pathogenic	1	0.8031	-0.3452	0.7919	12.5765	3.436	2.6568	5.7405	9.0326	-4.0921	1	2	72.54	0.6111	0.623	1.49	0.1	1	0	1	-0.2	2
S554G	pathogenic	1	-0.6129	-0.5597	0.7919	12.4231	3.2826	0.4816	8.2491	9.0326	-1.5836	1	2	72.54	0.4996	0.623	0.1	0.1	1	0	1	0	1
S554T	pathogenic	1	-0.675	-0.2558	0.7919	11.0225	1.8819	1.8916	7.3102	9.0326	-2.5224	0	2	72.54	0.6155	0.623	0	0.1	1	0	1	0.1	2
G587R	pathogenic	1	-0.463	-0.174	0.9015	11.3723	2.2317	0.1409	7.0014	9.0326	-2.8312	1	0	80.45	0.7044	0.6403	1.28	0	1	0	0	0.8	4
P622L	pathogenic	1	1.2035	-0.6751	0.9015	12.2342	3.0936	0.0099	6.9845	8.2778	-2.0932	0	0	81.5	0.1179	0.1328	1.1	0.5	2	0	0	-0.6	4
A636P	pathogenic	1	-0.9725	-0.3776	0.5864	7.704	-1.4366	-0.3681	13.2791	6.3747	6.1044	0	1	83.58	0.5353	0.2581	0.3	0.2	1	0	0	0.5	2
H639Y	pathogenic	1	-0.8751	-0.4727	0.9015	7.2588	-1.8817	0.0792	6.7707	8.4021	-2.4314	2	2	82.05	0.2588	0.1392	1.47	0.57	3	1	1	-0.9	5
G669V	pathogenic	1	-0.54	-1.5926	0.9152	10.9543	1.8138	-0.5249	6.1671	5.5819	-0.2148	1	1	81.21	0.1237	0.3552	0.1	0	1	0	0	0.1	3
G683R	pathogenic	1	-1.4967	-1.0564	0.8878	10.7335	1.5929	-0.4132	4.8753	4.464	-0.3888	4	0	81.07	0.1162	0.1	1.28	0	1	0	0	0.8	4
M688R	pathogenic	1	-1.4804	-0.8749	0.8878	8.9103	-0.2303	-0.2068	4.0623	3.6127	-0.3504	6	3	79.78	0.1058	0.105	1.41	-0.2	4	0	0	0.8	4
G692R	pathogenic	1	-1.4218	-0.6567	0.3673	12.3801	3.2395	-0.3977	4.3326	4.7917	-1.2591	2	1	78.51	0.1085	0.1176	1.28	0	1	0	0	0.8	4
P696L	pathogenic	1	0.992	-0.4899	0.9015	15.1806	6.0401	0.3935	3.7474	5.6697	-2.7222	2	0	79.89	0.1063	0.1055	1.1	0.5	2	0	0	-0.6	4
C697R	pathogenic	1	-1.2348	-1.0892	0.9015	11.7422	2.6016	-0.004	5.9774	5.6488	-0.4713	6	3	80.5	0.3381	0.1276	1.41	-0.2	2	0	0	0.8	4
C697F	pathogenic	1	-1.4104	-0.7697	0.9015	11.1662	2.0256	-0.043	4.3028	5.6488	-2.1459	1	3	80.5	0.2936	0.1276	0.9	-0.2	2	0	0	-1.1	5
G751R	pathogenic	1	-1.2542	-0.5093	0.8604	12.1951	3.0546	-0.3765	4.653	8.3279	-4.475	2	2	82.51	0.3399	0.4022	1.28	0	1	0	0	0.8	4
